5 0.000408208
15 0.000122334
25 0.000302958
35 0.000582625
45 0.000370917
55 0.000453542
65 0.000617625
75 0.000622791
85 0.000703417
95 0.000999375
105 0.001080875
115 0.001047208
125 0.002385084
135 0.002642750
145 0.000951375
155 0.001001041
165 0.000936584
175 0.000781958
185 0.000861708
195 0.000965792
205 0.000581208
215 0.000305542
225 0.000325625
235 0.000392500
245 0.000371541
255 0.000421458
265 0.000456125
275 0.000498416
285 0.000452292
295 0.000467250
305 0.000490916
315 0.000500250
325 0.000513750
335 0.000546791
345 0.000572041
355 0.000598958
365 0.000605833
375 0.000871250
385 0.000882209
395 0.000916000
405 0.000985833
415 0.001040458
425 0.001082000
435 0.001114375
445 0.001129292
455 0.001167000
465 0.001300416
475 0.001324542
485 0.001318916
495 0.001394250
505 0.001468125
515 0.001561208
525 0.001669916
535 0.001827584
545 0.001892000
555 0.001982875
565 0.002018084
575 0.002066750
585 0.002105958
595 0.002120208
605 0.002220542
615 0.002294292
625 0.002354833
635 0.002588084
645 0.002665666
655 0.002717417
665 0.002662958
675 0.002744750
685 0.002809750
695 0.002877125
705 0.002876792
715 0.003035333
725 0.003142875
735 0.003415333
745 0.003453875
755 0.003531375
765 0.003543834
775 0.003615084
785 0.003643042
795 0.003738917
805 0.003743292
815 0.003888666
825 0.003944750
835 0.003974750
845 0.004034250
855 0.004091250
865 0.004165417
875 0.004245459
885 0.004275625
895 0.004467375
905 0.004434834
915 0.004562375
925 0.005191750
935 0.005462458
945 0.005587000
955 0.005612209
965 0.005745000
975 0.005859125
985 0.005935042
995 0.006112959
1005 0.006037625
1015 0.006204500
1025 0.006308500
1035 0.006459667
1045 0.006508458
1055 0.006606166
1065 0.006840125
1075 0.006915708
1085 0.006852041
1095 0.006968875
1105 0.007060708
1115 0.007132041
1125 0.007168750
1135 0.007259958
1145 0.007233375
1155 0.008384834
1165 0.008587291
1175 0.008648542
1185 0.008805958
1195 0.008891500
1205 0.009205375
1215 0.009225834
1225 0.009722917
1235 0.009611333
1245 0.009829666
1255 0.010180542
1265 0.010191625
1275 0.010101833
1285 0.010239583
1295 0.011163875
1305 0.011088625
1315 0.011300375
1325 0.011526417
1335 0.011924375
1345 0.011883291
1355 0.011888416
1365 0.011814416
1375 0.012117667
1385 0.012175834
1395 0.012236625
1405 0.012777000
1415 0.012971458
1425 0.013665250
1435 0.013496458
1445 0.014437791
1455 0.014325250
1465 0.014447500
1475 0.014768917
1485 0.014826000
1495 0.014993125
1505 0.015074875
1515 0.015214875
1525 0.015129042
1535 0.015300334
1545 0.015871959
1555 0.016221125
1565 0.016760167
1575 0.016704500
1585 0.017238417
1595 0.017360583
1605 0.017228167
1615 0.017853209
1625 0.018286542
1635 0.018280334
1645 0.018420417
1655 0.019410709
1665 0.019560500
1675 0.019729167
1685 0.020422792
1695 0.020355125
1705 0.020482125
1715 0.020591209
1725 0.019969000
1735 0.021084750
1745 0.021231667
1755 0.021333417
1765 0.021859041
1775 0.021931333
1785 0.022098959
1795 0.022575708
1805 0.023457208
1815 0.023941584
1825 0.024101917
1835 0.024294959
1845 0.024520791
1855 0.024864875
1865 0.024808208
1875 0.025041292
1885 0.025111167
1895 0.025271708
1905 0.025505000
1915 0.025920167
1925 0.026442875
1935 0.026402250
1945 0.025916667
1955 0.026939250
1965 0.027636417
1975 0.028029042
1985 0.028101792
1995 0.028253875
2005 0.029632834
2015 0.028535333
2025 0.029584916
2035 0.029804875
2045 0.030071375
2055 0.030942666
2065 0.030843208
2075 0.031021750
2085 0.031242084
2095 0.031595250
2105 0.031804208
2115 0.031988000
2125 0.032526833
2135 0.032549416
2145 0.032817375
2155 0.033118084
2165 0.033438292
2175 0.033638917
2185 0.033763833
2195 0.033934041
2205 0.034580125
2215 0.034409208
2225 0.034556250
2235 0.034686958
2245 0.034925167
2255 0.036862084
2265 0.036881416
2275 0.036941708
2285 0.036930792
2295 0.037659584
2305 0.036501208
2315 0.038072625
2325 0.038156333
2335 0.041837292
2345 0.042661959
2355 0.042419167
2365 0.042639750
2375 0.043389459
2385 0.042948042
2395 0.043145625
2405 0.043443583
2415 0.044053292
2425 0.044398166
2435 0.044940041
2445 0.045012167
2455 0.045417375
2465 0.045471666
2475 0.045433250
2485 0.045943333
2495 0.046189125
2505 0.046730209
2515 0.046548041
2525 0.047618917
2535 0.047569625
2545 0.047112875
2555 0.047566542
2565 0.047812333
2575 0.048809834
2585 0.050065458
2595 0.050165166
2605 0.050363250
2615 0.051227167
2625 0.051545250
2635 0.051521875
2645 0.051861917
2655 0.052673333
2665 0.051601959
2675 0.054891625
2685 0.055381875
2695 0.055554250
2705 0.055920792
2715 0.057954875
2725 0.057359875
2735 0.056231042
2745 0.058058541
2755 0.058090625
2765 0.060191500
2775 0.059637375
2785 0.059548292
2795 0.059832375
2805 0.059911667
2815 0.060245500
2825 0.060853625
2835 0.060566959
2845 0.060977708
2855 0.061898958
2865 0.061945167
2875 0.061896459
2885 0.063331042
2895 0.065544708
2905 0.065794583
2915 0.066889791
2925 0.066529500
2935 0.066389625
2945 0.067578792
2955 0.068075084
2965 0.068193459
2975 0.068463250
2985 0.069009041
2995 0.069027625
3005 0.069895292
3015 0.070346667
3025 0.068320792
3035 0.072620042
3045 0.074397250
3055 0.073052167
3065 0.073984041
3075 0.073519958
3085 0.073978834
3095 0.072189542
3105 0.074436125
3115 0.074692458
3125 0.075451917
3135 0.075394750
3145 0.075822542
3155 0.076346333
3165 0.076875833
3175 0.079681125
3185 0.079922750
3195 0.082376708
3205 0.080767250
3215 0.081395250
3225 0.081292500
3235 0.084146541
3245 0.082780750
3255 0.082392459
3265 0.082481917
3275 0.083739417
3285 0.083696375
3295 0.083983875
3305 0.084632958
3315 0.084807000
3325 0.085346417
3335 0.086307208
3345 0.085779250
3355 0.086235334
3365 0.087099500
3375 0.086694458
3385 0.087400042
3395 0.087800542
3405 0.088098666
3415 0.089486417
3425 0.092761334
3435 0.089985041
3445 0.092105250
3455 0.090396208
3465 0.092844250
3475 0.093573500
3485 0.098051125
3495 0.093835208
3505 0.093773833
3515 0.093871875
3525 0.091237208
3535 0.094598542
3545 0.094982708
3555 0.095659917
3565 0.096325500
3575 0.100285542
3585 0.100605292
3595 0.097635666
3605 0.101001791
3615 0.101334625
3625 0.104289250
3635 0.102049584
3645 0.103800833
3655 0.103463167
3665 0.101924708
3675 0.103882791
3685 0.105745542
3695 0.105232583
3705 0.112168083
3715 0.110576584
3725 0.111128583
3735 0.108033000
3745 0.112941208
3755 0.113593791
3765 0.113671042
3775 0.114285458
3785 0.114545167
3795 0.114462875
3805 0.112045458
3815 0.115512375
3825 0.115869834
3835 0.120857208
3845 0.118250417
3855 0.116801333
3865 0.122386042
3875 0.120225792
3885 0.125647333
3895 0.125306625
3905 0.126608416
3915 0.125950875
3925 0.129224834
3935 0.127321875
3945 0.130729875
3955 0.130416167
3965 0.131152000
3975 0.131706042
3985 0.132733042
3995 0.132466375
4005 0.135613625
4015 0.129710208
4025 0.134092334
4035 0.133776583
4045 0.135986875
4055 0.137599333
4065 0.137667125
4075 0.137580834
4085 0.134816375
4095 0.139128084
4105 0.138784666
4115 0.139103625
4125 0.140565250
4135 0.143891958
4145 0.144740209
4155 0.141288834
4165 0.145730959
4175 0.145705958
4185 0.147629167
4195 0.146956625
4205 0.148588125
4215 0.154648500
4225 0.145885708
4235 0.150080458
4245 0.155512875
4255 0.153477208
4265 0.156188000
4275 0.155287500
4285 0.156189166
4295 0.151794666
4305 0.157954375
4315 0.159201834
4325 0.162174959
4335 0.161112667
4345 0.162613167
4355 0.162695625
4365 0.158240500
4375 0.163280833
4385 0.167984792
4395 0.164581041
4405 0.164873167
4415 0.172772500
4425 0.166382291
4435 0.161263958
4445 0.172917666
4455 0.175347292
4465 0.177508417
4475 0.173165833
4485 0.172439167
4495 0.175974375
4505 0.167304459
4515 0.179002958
4525 0.178669000
4535 0.184751459
4545 0.179977958
4555 0.178990208
4565 0.181339000
4575 0.178373125
4585 0.178056167
4595 0.181653500
4605 0.183713000
4615 0.192110500
4625 0.189667583
4635 0.185481000
4645 0.183021417
4655 0.194798584
4665 0.187040125
4675 0.189278959
4685 0.190806958
4695 0.195619250
4705 0.191145500
4715 0.184986709
4725 0.198338208
4735 0.192436292
4745 0.195795875
4755 0.194314292
4765 0.195513541
4775 0.197378792
4785 0.189790917
4795 0.196299500
4805 0.204276584
4815 0.200106042
4825 0.200604500
4835 0.202671084
4845 0.202483041
4855 0.200352375
4865 0.214086667
4875 0.208102667
4885 0.210211583
4895 0.207994333
4905 0.209821500
4915 0.215586375
4925 0.206226250
4935 0.213389417
4945 0.213534875
4955 0.214259583
4965 0.223057000
4975 0.220794458
4985 0.222292792
4995 0.214027208
5005 0.219743458
5015 0.221272750
5025 0.220306417
5035 0.219380208
5045 0.230027083
5055 0.233157625
5065 0.220804292
5075 0.234617583
5085 0.232979125
5095 0.234415417
5105 0.237456833
5115 0.234882041
5125 0.232081167
5135 0.223804667
5145 0.235717041
5155 0.241553000
5165 0.234827916
5175 0.239799375
5185 0.236878666
5195 0.245651167
5205 0.235559667
5215 0.245928667
5225 0.245802042
5235 0.246083750
5245 0.250279167
5255 0.256896000
5265 0.252829000
5275 0.239651083
5285 0.254810791
5295 0.258068125
5305 0.254483083
5315 0.257648416
5325 0.257482541
5335 0.258922875
5345 0.249324334
5355 0.255352750
5365 0.267548042
5375 0.268833292
5385 0.268811250
5395 0.265784416
5405 0.275324167
5415 0.264512458
5425 0.267966916
5435 0.270360584
5445 0.277095500
5455 0.274697209
5465 0.273808500
5475 0.272030583
5485 0.264758417
5495 0.277447334
5505 0.284775708
5515 0.309136250
5525 0.314108167
5535 0.276497958
5545 0.278351375
5555 0.269817500
5565 0.280185375
5575 0.279676875
5585 0.341327917
5595 0.284200250
5605 0.281119250
5615 0.285832083
5625 0.273745750
5635 0.290525000
5645 0.285914709
5655 0.288276417
5665 0.286656125
5675 0.291509667
5685 0.295586292
5695 0.281253333
5705 0.297936584
5715 0.293866333
5725 0.290874084
5735 0.296183250
5745 0.297092667
5755 0.352510958
5765 0.305319833
5775 0.317388375
5785 0.302107375
5795 0.305139292
5805 0.301179916
5815 0.304171666
5825 0.312510709
5835 0.307374500
5845 0.317378666
5855 0.314445750
5865 0.317689959
5875 0.317361417
5885 0.317303375
5895 0.318408000
5905 0.330767417
5915 0.340734083
5925 0.345293791
5935 0.335572583
5945 0.338843750
5955 0.339090583
5965 0.336235583
5975 0.332841458
5985 0.335390959
5995 0.338172792
6005 0.345020500
6015 0.339410792
6025 0.341372417
6035 0.341246416
6045 0.336724708
6055 0.347690375
6065 0.345599666
6075 0.344676250
6085 0.350158541
6095 0.345195709
6105 0.345456208
6115 0.355285750
6125 0.350071250
6135 0.351257500
6145 0.350820291
6155 0.350615542
6165 0.349516542
6175 0.351175083
6185 0.348541875
6195 0.351872291
6205 0.373018541
6215 0.377984834
6225 0.379178458
6235 0.383653584
6245 0.382491542
6255 0.383732041
6265 0.396978500
6275 0.384479333
6285 0.388865708
6295 0.387281125
6305 0.387412750
6315 0.387327959
6325 0.386246500
6335 0.389809666
6345 0.394039541
6355 0.392394208
6365 0.392229083
6375 0.392105625
6385 0.398709542
6395 0.388956833
6405 0.395783708
6415 0.393765250
6425 0.396736291
6435 0.396498125
6445 0.397209375
6455 0.396854208
6465 0.392378209
6475 0.399613125
6485 0.400906459
6495 0.402941042
6505 0.399064375
6515 0.401354542
6525 0.403413500
6535 0.399198458
6545 0.406505416
6555 0.403648792
6565 0.408995416
6575 0.430744958
6585 0.428752625
6595 0.429810667
6605 0.441860833
6615 0.431372542
6625 0.432232917
6635 0.432219500
6645 0.441997792
6655 0.439339667
6665 0.445648166
6675 0.430629667
6685 0.438882250
6695 0.441662833
6705 0.445480375
6715 0.443632708
6725 0.443348708
6735 0.446215459
6745 0.442667583
6755 0.456350750
6765 0.450009292
6775 0.448502875
6785 0.446541834
6795 0.448747375
6805 0.447390834
6815 0.444031542
6825 0.460635417
6835 0.459180916
6845 0.454931750
6855 0.453869250
6865 0.455416291
6875 0.458856875
6885 0.449917958
6895 0.457633583
6905 0.458252166
6915 0.464314500
6925 0.463082916
6935 0.466095167
6945 0.462963375
6955 0.456641708
6965 0.464619208
6975 0.467856208
6985 0.466061292
6995 0.474027458
7005 0.472138333
7015 0.476284625
7025 0.466932583
7035 0.477224583
7045 0.471287875
7055 0.473401583
7065 0.476085000
7075 0.477192459
7085 0.482648084
7095 0.469830584
7105 0.479958250
7115 0.482438583
7125 0.481727000
7135 0.493928917
7145 0.520148542
7155 0.495684584
7165 0.479327291
7175 0.543892708
7185 0.482529042
7195 0.483805542
7205 0.493873500
7215 0.490712042
7225 0.496540875
7235 0.484448917
7245 0.556648000
7255 0.539032500
7265 0.545874541
7275 0.535630708
7285 0.529735709
7295 0.535047291
7305 0.523680375
7315 0.529976500
7325 0.539447250
7335 0.535613500
7345 0.535656833
7355 0.547450000
7365 0.551765875
7375 0.531843583
7385 0.546845292
7395 0.549374500
7405 0.562536917
7415 0.551483792
7425 0.562152584
7435 0.556745291
7445 0.563830750
7455 0.565989333
7465 0.569765959
7475 0.559469208
7485 0.556481792
7495 0.563492875
7505 0.562038292
7515 0.553638917
7525 0.564814875
7535 0.563925708
7545 0.566121708
7555 0.568289458
7565 0.567817792
7575 0.574317000
7585 0.569853417
7595 0.597753208
7605 0.595891625
7615 0.592562917
7625 0.581081667
7635 0.581139708
7645 0.578250208
7655 0.576425167
7665 0.635251417
7675 0.613005959
7685 0.619683834
7695 0.606684917
7705 0.610821584
7715 0.609222375
7725 0.600839666
7735 0.613461334
7745 0.609710791
7755 0.611256625
7765 0.619985500
7775 0.629055167
7785 0.625784709
7795 0.620136917
7805 0.632385584
7815 0.631767500
7825 0.633047666
7835 0.631457792
7845 0.643173750
7855 0.637738167
7865 0.631020542
7875 0.634967667
7885 0.636855584
7895 0.640177333
7905 0.636371250
7915 0.642076875
7925 0.643828208
7935 0.634530417
7945 0.646632000
7955 0.643510375
7965 0.645366750
7975 0.650015250
7985 0.656101917
7995 0.650635750
8005 0.650782583
8015 0.651278208
8025 0.651842292
8035 0.657723250
8045 0.655782250
8055 0.657807541
8065 0.661290459
8075 0.650253084
8085 0.651831625
8095 0.660064083
8105 0.658762042
8115 0.665060833
8125 0.666923042
8135 0.666006542
8145 0.665836500
8155 0.702618834
8165 0.663303625
8175 0.669140625
8185 0.673658750
8195 0.668599084
8205 0.670486667
8215 0.668038333
8225 0.673434500
8235 0.690276042
8245 0.678097250
8255 0.722288792
8265 0.712275958
8275 0.723249542
8285 0.716965917
8295 0.725749833
8305 0.723687584
8315 0.723325042
8325 0.726125167
8335 0.724982250
8345 0.721774584
8355 0.725042000
8365 0.726649375
8375 0.727230375
8385 0.729008084
8395 0.747532250
8405 0.743804375
8415 0.733258333
8425 0.732532750
8435 0.789095459
8445 0.784675000
8455 0.736544250
8465 0.766449917
8475 0.764139791
8485 0.763045291
8495 0.763500750
8505 0.762231625
8515 0.766125792
8525 0.764819583
8535 0.763881167
8545 0.768075542
8555 0.749744208
8565 0.771694250
8575 0.775494916
8585 0.770337625
8595 0.772949042
8605 0.774534625
8615 0.778852791
8625 0.773727292
8635 0.780463125
8645 0.778025083
8655 0.777619750
8665 0.780409792
8675 0.780308875
8685 0.781880834
8695 0.766753667
8705 0.786314250
8715 0.784127667
8725 0.793016334
8735 0.796235583
8745 0.792098834
8755 0.800495667
8765 0.776206125
8775 0.787566625
8785 0.803339709
8795 0.798230708
8805 0.793582375
8815 0.800746500
8825 0.906056167
8835 0.792763834
8845 0.801606292
8855 0.809650208
8865 0.805498583
8875 0.802409042
8885 0.848035625
8895 0.844536541
8905 0.837882167
8915 0.858277875
8925 0.857858208
8935 0.856747625
8945 0.844373834
8955 0.856457208
8965 0.856260166
8975 0.845934166
8985 0.857256584
8995 0.862220917
9005 0.847858458
9015 0.861440000
9025 0.852813166
9035 0.859808958
9045 0.863631458
9055 0.849828208
9065 0.855205292
9075 0.858062875
9085 0.854186333
9095 0.858848292
9105 0.859072208
9115 0.860678584
9125 0.868835750
9135 0.862532459
9145 0.866547791
9155 0.866090958
9165 0.870771125
9175 0.883168042
9185 0.896746459
9195 0.899061875
9205 0.907047875
9215 0.904592333
9225 0.902352791
9235 0.903164166
9245 0.891033125
9255 0.912458917
9265 0.911696167
9275 0.912296292
9285 0.947663667
9295 0.932187292
9305 0.922580083
9315 0.918094500
9325 0.925396833
9335 0.918298166
9345 0.915777542
9355 0.934445000
9365 0.925768125
9375 0.941890333
9385 0.988639416
9395 0.927462125
9405 0.926884375
9415 0.925817625
9425 0.929752834
9435 0.928928583
9445 0.930470250
9455 0.940528917
9465 0.939219250
9475 0.944730542
9485 0.943376583
9495 0.937783458
9505 0.930445958
9515 0.933067042
9525 0.937526375
9535 0.943890416
9545 0.945227375
9555 0.955692459
9565 0.970022458
9575 0.995924292
9585 0.942209750
9595 0.970428875
9605 1.140794375
9615 0.957110333
9625 0.956449250
9635 0.960003666
9645 0.951765542
9655 0.932950542
9665 0.949767083
9675 0.960817750
9685 0.955643625
9695 0.957581291
9705 0.962354084
9715 0.960806375
9725 0.987982333
9735 1.005528333
9745 1.015093709
9755 1.016961125
9765 1.026046375
9775 1.020758792
9785 1.029222250
9795 1.026989583
9805 1.124745958
9815 1.060039041
9825 1.026564125
9835 1.028757959
9845 1.035560417
9855 1.030537125
9865 1.038711667
9875 1.028657917
9885 1.042036625
9895 1.037563334
9905 1.050108333
9915 1.044651500
9925 1.024022583
9935 1.049580000
9945 1.047392417
9955 1.058742917
9965 1.053936000
9975 1.059163333
9985 1.065221750
9995 1.062463833
10005 1.083939417
10015 1.082819500
10025 1.088399166
10035 1.100021083
10045 1.087963708
10055 1.088989584
10065 1.078327958
10075 1.084873625
10085 1.091119583
10095 1.093766375
10105 1.098382250
10115 1.093071000
10125 1.091127333
10135 1.147683333
10145 1.392604500
10155 1.167058834
10165 1.230005875
10175 1.100610541
10185 1.101212000
10195 1.073810375
10205 1.118203917
10215 1.143256583
10225 1.121799792
10235 1.111838583
10245 1.129532041
10255 1.117282500
10265 1.102231208
10275 1.153642000
10285 1.150473125
10295 1.227207834
10305 1.158831459
10315 1.163231583
10325 1.249621875
10335 1.143328708
10345 1.159405583
10355 1.170608083
10365 1.169470750
10375 1.168332583
10385 1.175259333
10395 1.175218292
10405 1.174437750
10415 1.177830750
10425 1.189033166
10435 1.195727583
10445 1.199412208
10455 1.208587209
10465 1.223278792
10475 1.193229500
10485 1.190449500
10495 1.198649750
10505 1.209007667
10515 1.203086541
10525 1.197961000
10535 1.179999250
10545 1.206173333
10555 1.207589625
10565 1.194275750
10575 1.224748000
10585 1.211269709
10595 1.287039458
10605 1.456398792
10615 1.285050583
10625 1.254667041
10635 1.448075167
10645 1.244914125
10655 1.302217625
10665 1.251353375
10675 1.234437625
10685 1.236105458
10695 1.332542583
10705 1.257578667
10715 1.257075042
10725 1.243736667
10735 1.212065625
10745 1.245832958
10755 1.247485083
10765 1.250331833
10775 1.248208458
10785 1.266515500
10795 1.248331042
10805 1.223324375
10815 1.245150792
10825 1.249786333
10835 1.279529042
10845 1.283352417
10855 1.290202916
10865 1.284152583
10875 1.279592209
10885 1.283157291
10895 1.281933917
10905 1.288054041
10915 1.280570459
10925 1.305334000
10935 1.305460375
10945 1.290906250
10955 1.288512541
10965 1.285375500
10975 1.286168000
10985 1.291672041
10995 1.293433041
11005 1.263667916
11015 1.302371125
11025 1.308557625
11035 1.300429666
11045 1.304375500
11055 1.297296125
11065 1.301757167
11075 1.280808875
11085 1.301933667
11095 1.342894125
11105 1.309214708
11115 1.338348542
11125 1.325689250
11135 1.330473584
11145 1.313668417
11155 1.323158875
11165 1.395249875
11175 1.379619250
11185 1.461584500
11195 1.384654042
11205 1.401173750
11215 1.348558250
11225 1.386899250
11235 1.428051541
11245 1.427767542
11255 1.465009791
11265 1.451560500
11275 1.378822500
11285 1.351173875
11295 1.350755208
11305 1.369450208
11315 1.367672209
11325 1.394687959
11335 1.365733042
11345 1.332252834
11355 1.368845667
11365 1.355864375
11375 1.422170542
11385 1.367746667
11395 1.415496625
11405 1.362282167
11415 1.356631875
11425 1.367750833
11435 1.368174125
11445 1.371905500
11455 1.367754917
11465 1.425973084
11475 1.428354917
11485 1.426293792
11495 1.432214542
11505 1.432528542
11515 1.433639084
11525 1.479689500
11535 1.435070250
11545 1.398958292
11555 1.487995125
11565 1.441751416
11575 1.441897916
11585 1.445815750
11595 1.442537000
11605 1.491459458
11615 1.429958875
11625 1.471042542
11635 1.605488250
11645 1.588659000
11655 1.548344792
11665 1.473185541
11675 1.459495417
11685 1.451990875
11695 1.472317542
11705 1.462079791
11715 1.548613000
11725 1.481433292
11735 1.467044125
11745 1.469520458
11755 1.470907667
11765 1.468338833
11775 1.473551250
11785 1.484734250
11795 1.479878000
11805 1.552461250
11815 1.448876166
11825 1.478808334
11835 1.479527417
11845 1.491482458
11855 1.483008750
11865 1.483922958
11875 1.489417708
11885 1.562057833
11895 1.618325708
11905 1.492663458
11915 1.623518708
11925 1.495159875
11935 1.521693417
11945 1.494794333
11955 1.494900541
11965 1.496608541
11975 1.499526709
11985 1.505528667
11995 1.506321042
12005 1.584575084
12015 1.529057458
12025 1.557907084
12035 1.562889500
12045 1.562096667
12055 1.564374834
12065 1.573464042
12075 1.574600958
12085 1.561730958
12095 1.576049541
12105 1.580072959
12115 1.581276959
12125 1.582219375
12135 1.584566625
12145 1.582228792
12155 1.585989791
12165 1.586494291
12175 1.590912209
12185 1.603957042
12195 1.623408875
12205 1.603884875
12215 1.776599500
12225 1.590322208
12235 1.601669500
12245 1.594398542
12255 1.602690750
12265 1.607729250
12275 1.599898458
12285 1.585920875
12295 1.652686917
12305 1.610842875
12315 1.614132167
12325 1.654994375
12335 1.621014084
12345 1.618652667
12355 1.620496166
12365 1.651875250
12375 1.702099000
12385 1.686633583
12395 1.675431334
12405 1.710124583
12415 1.649827583
12425 1.677454292
12435 1.715192583
12445 1.697349375
12455 1.688226000
12465 1.693820667
12475 1.719643667
12485 1.725328334
12495 1.697300667
12505 1.687147584
12515 1.689727000
12525 1.709793166
12535 1.736402334
12545 1.701181458
12555 1.703330875
12565 1.695138666
12575 1.695856959
12585 1.695879959
12595 1.756238417
12605 1.701016917
12615 1.722083458
12625 1.718496750
12635 1.742242375
12645 1.795481625
12655 1.736397292
12665 1.742159333
12675 1.738910250
12685 1.748726042
12695 1.719732750
12705 1.759744417
12715 1.729028709
12725 1.761994208
12735 1.727331459
12745 1.694462917
12755 1.793497083
12765 1.726984458
12775 1.758802125
12785 1.734723083
12795 1.733958417
12805 1.734158333
12815 1.720035958
12825 1.746486542
12835 1.752333542
12845 1.743047125
12855 1.745824750
12865 1.748084458
12875 1.750224875
12885 1.747570084
12895 1.768676625
12905 1.768558042
12915 1.796106583
12925 1.769901667
12935 1.772019584
12945 1.732700625
12955 1.762219500
12965 1.758578917
12975 1.759356666
12985 1.799708375
12995 1.766437125
13005 1.766677458
13015 1.777087166
13025 1.939718500
13035 1.898820792
13045 1.864036792
13055 1.944210208
13065 1.872845667
13075 1.869102167
13085 1.868061459
13095 1.870648291
13105 1.904419750
13115 1.864995583
13125 1.917795250
13135 1.878341166
13145 1.876902041
13155 1.885406917
13165 1.949259500
13175 1.921565500
13185 1.886457083
13195 1.925510458
13205 1.891648584
13215 1.906988583
13225 1.880537250
13235 1.931423459
13245 1.911068708
13255 1.974388916
13265 1.972595666
13275 1.923279042
13285 1.938078333
13295 2.037475459
13305 1.939057416
13315 1.969490458
13325 1.974809250
13335 1.939942625
13345 1.920077500
13355 1.977985167
13365 1.985826375
13375 1.950848625
13385 1.983175875
13395 1.963871209
13405 1.982187916
13415 1.949996791
13425 1.953169709
13435 1.955860625
13445 1.949875417
13455 1.952647209
13465 1.961291292
13475 1.930113291
13485 1.955403750
13495 1.965066541
13505 2.028424834
13515 1.967896416
13525 2.048647875
13535 1.970051708
13545 1.969533292
13555 1.974705042
13565 1.970746083
13575 2.013605250
13585 2.014942875
13595 2.041988959
13605 1.980685833
13615 2.020580209
13625 2.016203916
13635 2.031749709
13645 2.082960417
13655 2.126905500
13665 2.090832791
13675 2.062562667
13685 2.052730917
13695 2.051715041
13705 2.078172083
13715 2.069044750
13725 2.054005000
13735 2.054340000
13745 2.052902209
13755 2.059535584
13765 2.066936459
13775 2.098151708
13785 2.072075458
13795 2.065240375
13805 2.034046708
13815 2.103738166
13825 2.081941583
13835 2.104398542
13845 2.115174500
13855 2.079954333
13865 2.076717000
13875 2.120499625
13885 2.171882875
13895 2.080255792
13905 2.117114625
13915 2.099709000
13925 2.119280625
13935 2.070785833
13945 2.082774250
13955 2.124475208
13965 2.097802458
13975 2.091713750
13985 2.134223458
13995 2.095015750
14005 2.129288209
14015 2.100268333
14025 2.108924958
14035 2.132154917
14045 2.140907833
14055 2.109396958
14065 2.070767500
14075 2.139725042
14085 2.116363459
14095 2.103658334
14105 2.108313625
14115 2.112380833
14125 2.120849583
14135 2.098301875
14145 2.139146584
14155 2.115023459
14165 2.173370416
14175 2.113465625
14185 2.117950875
14195 2.074510917
14205 2.120791333
14215 2.122669000
14225 2.126972875
14235 2.128926750
14245 2.129402875
14255 2.130626083
14265 2.097328875
14275 2.131311417
14285 2.127841125
14295 2.134948209
14305 2.135097375
14315 2.189724250
14325 2.179069083
14335 2.151100083
14345 2.147390000
14355 2.192828667
14365 2.154448833
14375 2.216833583
14385 2.155206875
14395 2.128768208
14405 2.146656000
14415 2.154467375
14425 2.152999167
14435 2.158114167
14445 2.219969625
14455 2.207987125
14465 2.166087250
14475 2.160641125
14485 2.166720500
14495 2.165673791
14505 2.197861959
14515 2.172058500
14525 2.145288125
14535 2.238814625
14545 2.292624334
14555 2.244926417
14565 2.239173208
14575 2.252470750
14585 2.253521041
14595 2.294384041
14605 2.264076250
14615 2.262700500
14625 2.291463167
14635 2.266606459
14645 2.293715000
14655 2.236830041
14665 2.298926292
14675 2.339226375
14685 2.334796250
14695 2.338442333
14705 2.387287375
14715 2.340923458
14725 2.412185834
14735 2.356721041
14745 2.394654459
14755 2.371675084
14765 2.422292125
14775 2.398713125
14785 2.352835792
14795 2.406063834
14805 2.378710792
14815 2.404671000
14825 2.414013792
14835 2.421021833
14845 2.372181750
14855 2.448610084
14865 2.444280834
14875 2.460935333
14885 2.455253292
14895 2.454986041
14905 2.428887416
14915 2.435088708
14925 2.423261625
14935 2.430451625
14945 2.511544125
14955 2.479564375
14965 2.445323292
14975 2.396918292
14985 2.470492375
14995 2.528278042
15005 2.438306209
15015 2.482743209
15025 2.481545542
15035 2.452016417
15045 2.419742667
15055 2.448996791
15065 2.480814291
15075 2.447475708
15085 2.447503083
15095 2.446823084
15105 2.407247125
15115 2.451589084
15125 2.452394458
15135 2.454926625
15145 2.456873500
15155 2.460224500
15165 2.459043292
15175 2.438072833
15185 2.479812041
15195 2.737958875
15205 2.466338167
15215 2.465049333
15225 2.462797083
15235 2.425839750
15245 2.489142917
15255 2.520205708
15265 2.509100834
15275 2.480167250
15285 2.485146459
15295 2.486115833
15305 2.460963667
15315 2.488604666
15325 2.496477833
15335 2.494542542
15345 2.535506000
15355 2.495925875
15365 2.561677500
15375 2.504573250
15385 2.583901917
15395 2.574398625
15405 2.619079792
15415 2.579817917
15425 2.614140458
15435 2.556468708
15445 2.586683250
15455 2.679987500
15465 2.688989458
15475 2.669805208
15485 2.647238834
15495 2.559594875
15505 2.671716083
15515 2.761766291
15525 2.637142167
15535 2.655963541
15545 2.756534292
15555 2.661285500
15565 2.601081417
15575 2.655746666
15585 2.649211166
15595 2.664891375
15605 2.673843333
15615 2.624460500
15625 2.568461208
15635 2.622310583
15645 2.625464291
15655 2.673983916
15665 2.617320875
15675 2.618283666
15685 2.621591708
15695 2.609848834
15705 2.633526375
15715 2.794135542
15725 2.734955750
15735 2.736636875
15745 2.812659125
15755 2.665849459
15765 2.702181625
15775 2.647233083
15785 2.655316333
15795 2.692253792
15805 2.645233709
15815 2.642584500
15825 2.692117125
15835 2.671016125
15845 2.709061541
15855 2.725746125
15865 2.666327209
15875 2.822312333
15885 2.625433375
15895 2.713446792
15905 2.669844125
15915 2.667456958
15925 2.664300708
15935 2.719820542
15945 2.716025542
15955 2.692511625
15965 2.755427375
15975 2.678290834
15985 2.743947250
15995 2.674214042
16005 2.688932000
16015 2.637140875
16025 2.697424333
16035 2.689875041
16045 2.681292625
16055 2.694397292
16065 2.785494708
16075 2.796758208
16085 2.822195875
16095 2.873918917
16105 2.829861500
16115 2.860804917
16125 2.861952750
16135 2.817889250
16145 2.749391791
16155 2.860803334
16165 2.818281459
16175 2.905268292
16185 2.819541875
16195 2.866586791
16205 2.886541750
16215 2.834332500
16225 2.854341959
16235 2.874214042
16245 2.850383584
16255 2.879272709
16265 2.862400917
16275 2.838129792
16285 2.982268167
16295 2.872633209
16305 2.919322500
16315 2.865889500
16325 2.870252667
16335 2.878014834
16345 2.847546125
16355 2.921450459
16365 2.871074625
16375 2.875729167
16385 2.934125834
16395 2.883953292
16405 2.824518875
16415 2.885257625
16425 2.896885292
16435 2.898414125
16445 2.947508916
16455 2.905615042
16465 2.931264167
16475 2.929775958
16485 3.020197875
16495 2.937772750
16505 2.982458416
16515 2.953877625
16525 2.979026958
16535 2.921482500
16545 2.947159584
16555 2.934594625
16565 2.992379834
16575 2.940598792
16585 2.954454041
16595 2.941853083
16605 2.944926791
16615 3.009038792
16625 2.984792791
16635 2.959163708
16645 3.002706083
16655 3.017241375
16665 2.941301583
16675 3.058529875
16685 2.979798334
16695 3.167615750
16705 3.077274583
16715 3.026977250
16725 3.008013000
16735 2.969320334
16745 3.022860875
16755 3.060923084
16765 3.064999250
16775 3.107605000
16785 3.752911625
16795 3.000366875
16805 3.030073958
16815 3.109049417
16825 3.023903833
16835 3.067335042
16845 3.033507125
16855 3.025165500
16865 3.159338625
16875 3.146647042
16885 3.028679792
16895 3.151852208
16905 3.136771709
16915 3.037969583
16925 2.999794125
16935 3.036810875
16945 3.077492500
16955 3.064368916
16965 3.018765833
16975 3.018925250
16985 3.004904334
16995 3.030411250
17005 3.031346167
17015 3.069527917
17025 3.026848000
17035 3.117859208
17045 3.028854958
17055 3.038371250
17065 3.079653125
17075 3.036595250
17085 3.040985334
17095 3.089857834
17105 3.041747291
17115 3.033177334
17125 3.035073708
17135 3.052154792
17145 3.100876916
17155 3.093050834
17165 3.059480500
17175 3.091094917
17185 3.050417167
17195 3.056788625
17205 3.094413750
17215 3.058694833
17225 3.049448750
17235 3.083827583
17245 3.025690959
17255 3.104230583
17265 3.077468209
17275 3.072831959
17285 3.171956166
17295 3.072292417
17305 3.031973167
17315 3.074770791
17325 3.076748334
17335 3.120734000
17345 3.142931000
17355 3.084541625
17365 3.088396750
17375 3.108244000
17385 3.095111959
17395 3.132555167
17405 3.094070959
17415 3.088150709
17425 3.156928792
17435 3.036035667
17445 3.136901625
17455 3.090262083
17465 3.390315834
17475 3.193705750
17485 3.109969000
17495 3.145537791
17505 3.113767000
17515 3.122465500
17525 3.158581667
17535 3.173486167
17545 3.125315583
17555 3.158005625
17565 3.092886500
17575 3.140626917
17585 3.191725917
17595 3.131146916
17605 3.168984209
17615 3.141160833
17625 3.083206750
17635 3.168701041
17645 3.137268583
17655 3.139320833
17665 3.438959000
17675 3.338847375
17685 3.374983792
17695 3.338815833
17705 3.372693458
17715 3.388556334
17725 3.338535917
17735 3.349151709
17745 3.387941250
17755 3.299441250
17765 3.389223917
17775 3.361064416
17785 3.354751875
17795 3.405395958
17805 3.360950750
17815 3.398270000
17825 3.354677250
17835 3.403148250
17845 3.418397417
17855 3.371343042
17865 3.412062458
17875 3.378193250
17885 3.395066875
17895 3.432660083
17905 3.375649666
17915 3.414314333
17925 3.388875834
17935 3.385970542
17945 3.360573792
17955 3.388538250
17965 3.443476625
17975 3.442087166
17985 3.389509834
17995 3.436386000
18005 3.393437125
18015 3.482617500
18025 3.413896000
18035 3.440089208
18045 3.400851958
18055 3.415907834
18065 3.457932208
18075 3.414332625
18085 3.412414500
18095 3.462531334
18105 3.417200500
18115 3.457981000
18125 3.424042125
18135 3.366917583
18145 3.452051333
18155 3.417166417
18165 3.470022000
18175 3.429655750
18185 3.471533666
18195 3.485281417
18205 3.439469958
18215 3.477886875
18225 3.446011708
18235 3.485909584
18245 3.496436167
18255 3.477660041
18265 3.452254791
18275 3.520544666
18285 3.483267292
18295 3.525852042
18305 3.489441875
18315 3.587422542
18325 3.429129917
18335 3.497240083
18345 3.533205666
18355 3.495043750
18365 3.579531833
18375 3.566531292
18385 3.597187417
18395 3.563412375
18405 3.608324209
18415 3.621072583
18425 3.570676708
18435 3.614754042
18445 3.581338042
18455 3.614715625
18465 3.647262375
18475 3.589455167
18485 3.620818042
18495 3.585306666
18505 3.634384167
18515 3.526397167
18525 3.695615541
18535 3.604552292
18545 3.598537584
18555 3.633034792
18565 3.612223208
18575 3.698045500
18585 3.597566041
18595 3.605267625
18605 3.649245500
18615 3.608681750
18625 3.651419042
18635 3.613789417
18645 3.646711458
18655 3.614758541
18665 3.659211541
18675 3.622141208
18685 3.621064208
18695 3.773761708
18705 3.565771208
18715 3.666427042
18725 3.639899208
18735 3.817381500
18745 3.642138167
18755 3.716132500
18765 3.645836500
18775 3.646683417
18785 3.643206125
18795 3.654866042
18805 3.697629333
18815 3.647336625
18825 3.666969917
18835 3.719487917
18845 3.682905209
18855 3.853637167
18865 3.717918166
18875 3.723947542
18885 3.726631792
18895 3.725260542
18905 3.698944125
18915 3.708111958
18925 3.716971625
18935 3.796088167
18945 3.730022250
18955 3.753586208
18965 3.776224375
18975 3.729839583
18985 3.736303083
18995 3.737098750
19005 3.739792333
19015 3.831221542
19025 3.718664666
19035 3.729893041
19045 3.749797833
19055 3.730073584
19065 3.770463334
19075 3.763784459
19085 3.710250083
19095 3.776851667
19105 3.774334250
19115 3.808751792
19125 3.797889209
19135 3.791198750
19145 3.712644375
19155 3.794677500
19165 3.779038542
19175 3.844874792
19185 3.797820583
19195 3.798508709
19205 3.795213500
19215 3.805066542
19225 3.800991500
19235 3.812351667
19245 3.805736125
19255 3.911638792
19265 3.877955334
19275 3.863119334
19285 3.901131458
19295 3.931813666
19305 3.937165791
19315 3.975484292
19325 3.987743541
19335 3.861592250
19345 3.938977042
19355 3.949491958
19365 3.955006417
19375 3.950408542
19385 3.959809125
19395 3.963590459
19405 3.949610042
19415 3.958614084
19425 3.963032958
19435 3.956352292
19445 3.960742792
19455 3.970250458
19465 3.914274708
19475 4.071148750
19485 3.974640708
19495 3.985446917
19505 3.973431000
19515 3.978050458
19525 3.901282584
19535 3.991046667
19545 3.975445584
19555 3.982422458
19565 3.984172417
19575 3.999951750
19585 4.055935333
19595 3.996312500
19605 3.985858708
19615 4.016622792
19625 4.053421833
19635 4.082072042
19645 4.005071333
19655 3.980058875
19665 4.020836375
19675 4.032784000
19685 4.110366208
19695 4.184996375
19705 4.100425291
19715 4.044327083
19725 4.106705958
19735 4.802381792
19745 4.233266250
19755 4.202433208
19765 4.170286167
19775 4.211602833
19785 4.169382958
19795 4.216462000
19805 4.229458167
19815 4.262621083
19825 4.211036458
19835 4.180426334
19845 4.248652542
19855 4.252397708
19865 4.326748541
19875 4.380376208
19885 4.612416625
19895 4.179609083
19905 4.125189666
19915 4.286163041
19925 4.196715875
19935 4.183944833
19945 4.188726500
19955 4.304226000
19965 4.120220000
19975 4.194920042
19985 4.215375042
19995 4.211813000
